generations: 100
population size: 198
Best solution:
[26,115,101,61,76,12,83,98,84,57,138,160,151,149,145,88,50,8,70,55,39,9,22,75,23,95,153,124,132,166,167,24,78,120,136,128,157,117,129,126,110,82,54,79,34,27,106,48,51,66,30,29,60,65,73,43,74,19,21,18,64,100,38,81,121,102,37,44,152,164,187,177,127,171,161,123,105,104,108,133,170,137,163,162,72,113,63,25,6,0,2,5,10,80,59,122,134,107,118,139,158,143,90,85,99,1,45,111,125,89,69,32,49,159,116,150,146,156,147,135,142,169,190,172,173,185,183,192,175,193,179,182,184,189,181,197,194,186,174,178,188,196,191,176,195,180,47,33,36,154,155,109,94,62,58,56,77,96,41,68,7,103,86,40,11,67,42,71,87,91,52,53,92,13,17,20,97,46,168,112,144,148,141,131,130,165,114,140,119,93,3,4,35,28,31,15,16,14] 66319.00
66319
Average: 73410.8667	Std Deviation: 3899.3240
Median: 72993.5000	Std Deviation: 3922.3628
Hill Climb
Average: 150738.8000	Std Deviation: 3776.9840
Median: 151105.0000	Std Deviation: 3795.3043
Algorithm pass z test with 95% significance using average.
Algorithm pass z test with 95% significance using median.